24.597561, 380.536585; -1.687900, 3.944500, -0.965600
23.459184, 384.591837; -1.687900, 3.944500, -0.965600
23.755952, 383.845238; -1.687900, 3.944500, -0.965600
23.516393, 384.483607; -1.687900, 3.944500, -0.965600
22.963415, 385.658537; -1.687600, 3.943600, -0.965400
24.317308, 384.730769; -1.687600, 3.943600, -0.965400
24.288889, 383.566667; -1.687600, 3.943600, -0.965400
25.477273, 382.750000; -1.687600, 3.943600, -0.965400
25.250000, 382.625000; -1.687600, 3.943600, -0.965400
23.610619, 384.123894; -1.687600, 3.943600, -0.965400
23.179245, 383.924528; -1.687900, 3.944500, -0.965600
24.750000, 383.703125; -1.688000, 3.944500, -0.965600
24.674699, 385.469880; -1.688000, 3.944500, -0.965600
24.274336, 384.309735; -1.688000, 3.944500, -0.965600
23.763441, 384.430108; -1.688000, 3.944500, -0.965600
24.122642, 384.113208; -1.688000, 3.944500, -0.965600
23.781955, 385.022556; -1.688000, 3.944500, -0.965600
23.681818, 385.121212; -1.688000, 3.944500, -0.965600
23.597122, 384.057554; -1.688000, 3.944500, -0.965600
23.154545, 384.654545; -1.688000, 3.944500, -0.965600
24.081081, 384.135135; -1.688000, 3.944500, -0.965600
23.428571, 384.742857; -1.688000, 3.944500, -0.965600
23.404580, 383.442748; -1.688000, 3.944500, -0.965600
24.048544, 383.883495; -1.688000, 3.944500, -0.965600
24.621951, 382.317073; -1.688000, 3.944500, -0.965600
23.800000, 382.852174; -1.688000, 3.944500, -0.965600
23.542857, 383.754286; -1.688000, 3.944500, -0.965600
23.928000, 385.128000; -1.688000, 3.944500, -0.965600
23.440789, 383.822368; -1.688000, 3.944500, -0.965600
24.531532, 384.027027; -1.688000, 3.944500, -0.965600
24.455285, 383.626016; -1.688000, 3.944500, -0.965600
23.657895, 383.868421; -1.688000, 3.944500, -0.965600
24.080000, 383.500000; -1.688000, 3.944500, -0.965600
23.737864, 384.330097; -1.688000, 3.944500, -0.965600
23.335878, 384.458015; -1.687700, 3.943600, -0.965400
24.514493, 384.028986; -1.688000, 3.944500, -0.965600
23.824561, 383.956140; -1.688000, 3.944500, -0.965600
23.714286, 383.375000; -1.688000, 3.944500, -0.965600
24.089431, 384.902439; -1.688000, 3.944500, -0.965600
24.628099, 383.223140; -1.688000, 3.944500, -0.965600
24.436090, 382.000000; -1.687700, 3.943600, -0.965400
22.843478, 384.191304; -1.688000, 3.944500, -0.965600
24.212598, 383.393701; -1.686500, 3.945000, -0.965500
24.009709, 383.592233; -1.683800, 3.948100, -0.965500
25.107143, 384.455357; -1.681900, 3.949800, -0.965500
25.392857, 383.735714; -1.680400, 3.951400, -0.965500
26.457447, 383.159574; -1.677600, 3.953400, -0.965300
25.925000, 383.900000; -1.677400, 3.953500, -0.965300
25.217391, 385.608696; -1.677300, 3.953500, -0.965300
26.121212, 384.139394; -1.677300, 3.953500, -0.965300
26.200000, 384.180000; -1.677300, 3.953500, -0.965300
26.443662, 384.014085; -1.677300, 3.953500, -0.965300
26.182609, 384.478261; -1.677300, 3.953500, -0.965300
26.839416, 383.321168; -1.677600, 3.954400, -0.965600
26.303797, 383.860759; -1.677300, 3.953500, -0.965300
25.909774, 383.233083; -1.677300, 3.953500, -0.965300
26.209150, 384.058824; -1.677600, 3.954400, -0.965600
25.574324, 384.878378; -1.677300, 3.953500, -0.965300
25.776119, 384.029851; -1.677300, 3.953500, -0.965300
26.423358, 383.854015; -1.677300, 3.953500, -0.965300
26.042424, 383.963636; -1.677300, 3.953500, -0.965300
26.279503, 383.273292; -1.677300, 3.953500, -0.965300
26.754386, 383.052632; -1.678100, 3.953200, -0.965400
26.696552, 384.510345; -1.679700, 3.951600, -0.965400
25.132530, 384.192771; -1.681300, 3.950000, -0.965400
26.461538, 382.626374; -1.681200, 3.950000, -0.965400
25.179310, 384.241379; -1.681100, 3.950100, -0.965400
23.460317, 385.674603; -1.681100, 3.950100, -0.965400
25.601563, 382.718750; -1.681100, 3.950100, -0.965400
25.834532, 383.510791; -1.681100, 3.950100, -0.965400
25.867257, 384.353982; -1.681100, 3.950100, -0.965400
25.687023, 383.862595; -1.681100, 3.950100, -0.965400
25.954955, 383.153153; -1.681200, 3.950000, -0.965400
24.792079, 382.455446; -1.681200, 3.950000, -0.965400
25.267176, 384.992366; -1.681200, 3.950000, -0.965400
25.237037, 382.837037; -1.681200, 3.950000, -0.965400
24.560606, 384.159091; -1.681200, 3.950000, -0.965400
25.449541, 384.009174; -1.681200, 3.950000, -0.965400
26.308333, 383.266667; -1.681200, 3.950000, -0.965400
25.604167, 382.875000; -1.681200, 3.950000, -0.965400
25.584000, 383.248000; -1.681200, 3.950000, -0.965400
24.921986, 384.886525; -1.681200, 3.950000, -0.965400
25.073826, 384.114094; -1.681200, 3.950000, -0.965400
25.466216, 382.445946; -1.681200, 3.950000, -0.965400
25.631148, 383.811475; -1.681200, 3.950000, -0.965400
25.100775, 384.682171; -1.681200, 3.950000, -0.965400
25.013514, 383.864865; -1.681200, 3.950000, -0.965400
25.761538, 382.746154; -1.681200, 3.950000, -0.965400
25.991525, 382.838983; -1.681200, 3.950000, -0.965400
25.739130, 383.921739; -1.681200, 3.950000, -0.965400
25.747899, 383.436975; -1.681200, 3.950000, -0.965400
24.901639, 382.303279; -1.681200, 3.950000, -0.965400
26.014706, 383.338235; -1.681200, 3.950000, -0.965400
25.573770, 383.918033; -1.681200, 3.950000, -0.965400
25.819820, 382.990991; -1.681500, 3.951000, -0.965600
24.376623, 384.175325; -1.681500, 3.951000, -0.965700
24.570000, 384.630000; -1.681200, 3.950000, -0.965400
25.300813, 383.439024; -1.681200, 3.950000, -0.965400
24.817518, 384.817518; -1.681200, 3.950000, -0.965400
25.620370, 383.250000; -1.681200, 3.950000, -0.965400
25.710000, 383.630000; -1.681200, 3.950000, -0.965400
24.685039, 385.708661; -1.681200, 3.950000, -0.965400
25.217054, 383.798450; -1.681200, 3.950000, -0.965400
25.791667, 382.708333; -1.681200, 3.950000, -0.965400
25.430108, 385.075269; -1.681200, 3.950000, -0.965400
26.033058, 383.570248; -1.681200, 3.950000, -0.965400
27.086022, 382.537634; -1.681200, 3.950000, -0.965400
25.586466, 383.969925; -1.681200, 3.950000, -0.965400
26.085938, 382.937500; -1.681200, 3.950000, -0.965400
24.660550, 384.348624; -1.681200, 3.950000, -0.965400
24.280702, 384.269006; -1.681200, 3.950000, -0.965400
25.175182, 384.343066; -1.681200, 3.950000, -0.965400
25.397059, 384.867647; -1.681200, 3.950000, -0.965400
25.747664, 384.616822; -1.681200, 3.950000, -0.965400
24.625899, 385.158273; -1.679800, 3.951600, -0.965400
25.648855, 383.992366; -1.677600, 3.953400, -0.965300
26.585987, 383.414013; -1.671100, 3.959800, -0.965300
27.000000, 385.453947; -1.661100, 3.968500, -0.965000
29.048000, 384.528000; -1.656200, 3.973300, -0.965100
32.061947, 383.858407; -1.651200, 3.978100, -0.965100
33.218487, 384.369748; -1.638900, 3.988400, -0.965000
32.826923, 384.538462; -1.633500, 3.992200, -0.964900
36.610000, 384.000000; -1.628800, 3.996800, -0.965000
37.168919, 385.317568; -1.623500, 4.001600, -0.965100
38.525424, 383.508475; -1.617100, 4.006800, -0.964900
39.803279, 384.434426; -1.613700, 4.009900, -0.964900
41.306452, 382.564516; -1.610500, 4.013000, -0.965000
41.217105, 385.118421; -1.607200, 4.016100, -0.965000
42.672269, 383.731092; -1.604300, 4.019100, -0.964900
42.492537, 385.261194; -1.601200, 4.022200, -0.964900
43.948905, 383.145985; -1.597900, 4.025300, -0.964700
44.346591, 384.732955; -1.594800, 4.028300, -0.964700
44.852459, 382.778689; -1.591200, 4.030400, -0.964500
45.361446, 383.596386; -1.577200, 4.044000, -0.964400
47.458333, 383.465278; -1.574000, 4.047000, -0.964400
50.680851, 381.638298; -1.570900, 4.049900, -0.964400
51.383459, 383.488722; -1.567400, 4.053000, -0.964500
51.623457, 383.246914; -1.562600, 4.057500, -0.964500
52.297710, 385.030534; -1.559300, 4.060500, -0.964600
52.986928, 384.705882; -1.556000, 4.063500, -0.964600
53.801205, 383.325301; -1.554300, 4.064000, -0.964300
54.915966, 384.588235; -1.549600, 4.069400, -0.964600
55.732394, 382.887324; -1.546000, 4.071500, -0.964400
55.425150, 384.760479; -1.539300, 4.077500, -0.964400
56.829457, 385.263566; -1.535900, 4.080500, -0.964300
59.340580, 383.311594; -1.532500, 4.083500, -0.964300
59.266667, 384.000000; -1.529200, 4.086400, -0.964300
61.051471, 384.382353; -1.526100, 4.090300, -0.964500
60.283333, 384.522222; -1.519400, 4.095300, -0.964200
62.068493, 383.465753; -1.516300, 4.099200, -0.964400
62.440252, 384.264151; -1.511400, 4.103600, -0.964300
63.487013, 384.240260; -1.508100, 4.106500, -0.964300
65.157534, 383.321918; -1.506500, 4.107900, -0.964200
66.123457, 383.129630; -1.500100, 4.114700, -0.964400
65.581921, 384.045198; -1.495000, 4.119100, -0.964200
68.061644, 382.486301; -1.491800, 4.122000, -0.964100
68.622093, 384.040698; -1.489900, 4.123500, -0.964100
69.676829, 382.640244; -1.483600, 4.129200, -0.964000
70.400000, 383.406667; -1.480100, 4.133200, -0.964100
71.982558, 383.715116; -1.477500, 4.135100, -0.963100
72.747312, 383.844086; -1.470300, 4.142600, -0.964900
72.723757, 384.077348; -1.470400, 4.145100, -0.967600
74.500000, 384.488636; -1.468200, 4.147400, -0.968900
75.047619, 384.164021; -1.462500, 4.151100, -0.967300
76.316384, 384.604520; -1.456200, 4.155400, -0.964000
76.844086, 384.430108; -1.451000, 4.159700, -0.963700
78.010309, 384.443299; -1.447200, 4.163700, -0.963900
78.555556, 384.942029; -1.440900, 4.168200, -0.963700
79.851852, 383.765432; -1.437600, 4.172000, -0.963900
80.944751, 384.530387; -1.430900, 4.177600, -0.963900
81.825000, 384.225000; -1.427600, 4.180400, -0.963900
83.461538, 384.822115; -1.424300, 4.183200, -0.963900
84.407216, 383.953608; -1.421100, 4.185900, -0.964000
84.623711, 384.417526; -1.418000, 4.188600, -0.963900
85.371859, 385.256281; -1.406900, 4.199200, -0.964000
87.184971, 382.763006; -1.403400, 4.202000, -0.963900
88.915888, 384.691589; -1.398600, 4.206100, -0.963900
90.256158, 384.921182; -1.395400, 4.209800, -0.964100
90.864078, 384.500000; -1.387700, 4.216500, -0.964000
91.289855, 384.642512; -1.384500, 4.219200, -0.964000
93.402844, 384.601896; -1.379800, 4.224200, -0.964100
93.790576, 385.691099; -1.376400, 4.226900, -0.964100
94.496154, 384.930769; -1.375000, 4.228200, -0.964100
96.029915, 384.764957; -1.370000, 4.232300, -0.964000
95.800926, 385.041667; -1.366900, 4.235900, -0.964200
97.531532, 384.698198; -1.363700, 4.238600, -0.964100
98.135965, 385.258772; -1.360700, 4.241200, -0.964000
98.450000, 384.741667; -1.357400, 4.243900, -0.963900
99.668067, 384.983193; -1.352700, 4.247800, -0.963900
99.911290, 385.112903; -1.344900, 4.255400, -0.964000
101.770833, 384.720833; -1.341400, 4.258100, -0.963900
102.959514, 385.008097; -1.337000, 4.263000, -0.964100
104.092827, 384.848101; -1.330900, 4.268200, -0.963900
104.913934, 384.930328; -1.323300, 4.275700, -0.963900
106.616858, 385.168582; -1.318800, 4.279500, -0.963900
108.036145, 385.064257; -1.313000, 4.285600, -0.963900
109.621739, 384.973913; -1.308200, 4.289500, -0.963800
110.796610, 385.042373; -1.305200, 4.292000, -0.963700
112.003984, 384.952191; -1.300500, 4.295900, -0.963600
113.097276, 384.517510; -1.297800, 4.299400, -0.963700
113.991837, 384.889796; -1.294300, 4.302000, -0.963600
114.487705, 384.733607; -1.289600, 4.305800, -0.963500
114.817460, 385.523810; -1.285000, 4.310600, -0.963700
116.280992, 385.086777; -1.280100, 4.314500, -0.963500
117.536885, 385.114754; -1.276900, 4.317000, -0.963600
118.494382, 385.382022; -1.273900, 4.320500, -0.963700
119.328302, 385.188679; -1.270600, 4.323000, -0.963600
119.805344, 384.809160; -1.267500, 4.325600, -0.963600
120.416370, 385.131673; -1.260100, 4.332800, -0.963700
120.985915, 385.003521; -1.257100, 4.335300, -0.963500
122.832753, 385.268293; -1.252600, 4.340000, -0.963600
123.677083, 385.500000; -1.243300, 4.348500, -0.963500
125.459770, 384.578544; -1.239900, 4.351000, -0.963500
127.456604, 385.049057; -1.235300, 4.355700, -0.963400
128.083019, 385.169811; -1.232100, 4.359200, -0.963500
128.634409, 385.376344; -1.228900, 4.361600, -0.963500
129.815700, 385.273038; -1.225900, 4.364100, -0.963300
130.506623, 385.341060; -1.221500, 4.368700, -0.963500
131.627376, 384.695817; -1.218200, 4.371200, -0.963300
132.201389, 385.597222; -1.215300, 4.374700, -0.963400
132.763333, 385.646667; -1.212400, 4.377100, -0.963300
132.970000, 385.676667; -1.210800, 4.378300, -0.963200
134.733096, 385.021352; -1.206200, 4.383000, -0.963200
135.013841, 385.740484; -1.201600, 4.386700, -0.962900
136.147436, 385.391026; -1.198600, 4.390100, -0.963000
137.000000, 385.650177; -1.195500, 4.392500, -0.962900
138.332103, 385.143911; -1.192600, 4.395900, -0.962900
138.665541, 385.273649; -1.189300, 4.398300, -0.962800
138.615385, 385.511706; -1.187800, 4.399500, -0.962800
140.345196, 384.626335; -1.180000, 4.407600, -0.962900
140.306931, 385.514851; -1.176900, 4.410000, -0.962700
142.406940, 385.138801; -1.172100, 4.414600, -0.962700
142.612179, 385.750000; -1.169000, 4.417000, -0.962600
144.436426, 385.161512; -1.165500, 4.420400, -0.962700
145.494585, 385.180505; -1.162500, 4.423800, -0.962700
145.869565, 385.431438; -1.152900, 4.431900, -0.962500
147.328063, 385.079051; -1.146400, 4.437700, -0.962500
148.643791, 385.267974; -1.141500, 4.442300, -0.962500
150.217532, 385.259740; -1.138200, 4.444600, -0.962400
151.715232, 385.493377; -1.134900, 4.448000, -0.962400
152.399371, 385.245283; -1.130200, 4.452500, -0.962500
152.926518, 385.386581; -1.125300, 4.456000, -0.962300
154.504702, 385.316614; -1.122400, 4.459400, -0.962300
154.986711, 385.764120; -1.116100, 4.465000, -0.962100
155.993691, 385.646688; -1.111800, 4.469500, -0.962000
157.425868, 385.482650; -1.108600, 4.472900, -0.962000
158.933993, 385.372937; -1.105500, 4.475200, -0.961800
159.790164, 385.429508; -1.102100, 4.478600, -0.961700
160.666667, 385.155116; -1.095800, 4.485200, -0.961700
160.840000, 385.683333; -1.092600, 4.488500, -0.961700
162.729373, 385.376238; -1.089300, 4.490800, -0.961400
164.382166, 385.216561; -1.071000, 4.508500, -0.961300
168.283489, 385.355140; -1.067700, 4.511800, -0.961400
168.892966, 385.461774; -1.064500, 4.514100, -0.961200
169.857595, 385.000000; -1.061100, 4.517300, -0.961300
170.534161, 385.214286; -1.057900, 4.520600, -0.961400
171.789809, 385.296178; -1.054600, 4.522900, -0.961200
172.186335, 385.208075; -1.047700, 4.529400, -0.961200
173.223642, 385.405751; -1.044400, 4.532700, -0.961200
174.424615, 385.406154; -1.039100, 4.537100, -0.961100
175.287009, 385.495468; -1.035600, 4.540300, -0.961100
176.892857, 385.545455; -1.032400, 4.543600, -0.961100
177.712991, 385.108761; -1.024300, 4.551200, -0.961000
178.436923, 385.307692; -1.020900, 4.554400, -0.961000
180.281250, 385.556250; -1.019200, 4.555500, -0.961000
181.269231, 385.343195; -1.012900, 4.561900, -0.961000
181.907463, 385.056716; -1.004500, 4.569500, -0.960900
183.608069, 385.187320; -0.998000, 4.575900, -0.961000
185.208211, 385.287390; -0.994600, 4.578100, -0.960800
186.730887, 385.470948; -0.991300, 4.581300, -0.960800
187.368876, 385.371758; -0.984600, 4.587700, -0.960700
188.283626, 385.269006; -0.981300, 4.590800, -0.960800
190.237237, 385.369369; -0.978000, 4.594000, -0.960800
191.014085, 385.188732; -0.974700, 4.597200, -0.960800
191.994030, 385.504478; -0.969600, 4.601400, -0.960800
192.764179, 385.331343; -0.966400, 4.604600, -0.960800
194.200000, 385.489552; -0.962800, 4.607800, -0.960800
194.924012, 385.234043; -0.959400, 4.610900, -0.960800
195.867868, 385.063063; -0.956000, 4.613100, -0.960700
196.339286, 385.452381; -0.952400, 4.616200, -0.960700
197.090634, 385.157100; -0.945500, 4.622500, -0.960800
198.226586, 385.359517; -0.940600, 4.626700, -0.960800
199.675214, 385.239316; -0.937100, 4.629800, -0.960900
201.023739, 385.145401; -0.932000, 4.634000, -0.960700
201.892442, 385.395349; -0.928700, 4.637100, -0.960900
203.158358, 385.322581; -0.927200, 4.638200, -0.960700
203.794203, 385.371014; -0.922300, 4.643400, -0.960900
204.364146, 385.123249; -0.919200, 4.645500, -0.960700
205.426087, 385.026087; -0.914500, 4.650600, -0.960800
206.027190, 385.664653; -0.901100, 4.663000, -0.960700
207.740525, 385.183673; -0.896200, 4.668200, -0.960800
210.687324, 385.185915; -0.893000, 4.671200, -0.960800
211.994186, 385.392442; -0.888000, 4.675400, -0.960700
212.786111, 385.311111; -0.881600, 4.681500, -0.960600
213.850282, 385.079096; -0.878300, 4.684600, -0.960600
215.501416, 385.461756; -0.875300, 4.687700, -0.960600
216.087324, 385.318310; -0.868600, 4.693800, -0.960700
217.156593, 385.335165; -0.862000, 4.698900, -0.960400
219.039660, 385.192635; -0.857300, 4.703900, -0.960600
220.330532, 385.442577; -0.854000, 4.707000, -0.960600
221.472973, 384.935135; -0.852300, 4.708000, -0.960600
222.389535, 385.325581; -0.847700, 4.712000, -0.960500
222.885246, 385.494536; -0.844600, 4.716100, -0.960800
224.144928, 385.713043; -0.840100, 4.720100, -0.960700
224.970270, 385.394595; -0.836600, 4.723100, -0.960800
226.083333, 385.518817; -0.833700, 4.725100, -0.960600
226.688482, 385.151832; -0.830700, 4.728200, -0.960600
227.569149, 385.271277; -0.827400, 4.731200, -0.960700
228.304462, 385.417323; -0.822900, 4.735200, -0.960600
229.288089, 385.454294; -0.818400, 4.739200, -0.960700
230.169713, 385.271540; -0.813600, 4.743200, -0.960600
231.695187, 385.334225; -0.810600, 4.746200, -0.960600
232.510753, 385.322581; -0.807600, 4.749200, -0.960600
233.257373, 384.890080; -0.804200, 4.752200, -0.960600
234.269129, 385.358839; -0.801300, 4.754200, -0.960500
234.838542, 385.023438; -0.794500, 4.761100, -0.960800
235.547558, 385.233933; -0.791600, 4.763100, -0.960600
237.360825, 385.487113; -0.788200, 4.766100, -0.960600
238.106218, 385.116580; -0.783300, 4.770000, -0.960700
239.359673, 385.223433; -0.779900, 4.773000, -0.960800
240.206186, 385.115979; -0.775100, 4.777900, -0.961000
241.267352, 385.254499; -0.772000, 4.779800, -0.960900
242.046997, 385.420366; -0.766000, 4.785700, -0.961000
243.145833, 385.518229; -0.761300, 4.789600, -0.961000
244.190104, 385.177083; -0.758300, 4.792600, -0.961000
245.297980, 384.840909; -0.754800, 4.795500, -0.961000
245.695431, 385.525381; -0.751900, 4.797500, -0.960900
246.809045, 385.422111; -0.745300, 4.804300, -0.961200
247.802005, 384.974937; -0.735700, 4.812100, -0.961200
249.361596, 385.331671; -0.732300, 4.815000, -0.961200
252.126904, 385.220812; -0.725900, 4.820800, -0.961200
252.577938, 385.426859; -0.721200, 4.825700, -0.961400
254.248082, 385.271100; -0.715000, 4.830600, -0.961100
255.581047, 385.264339; -0.711900, 4.834500, -0.961200
257.091133, 385.098522; -0.708900, 4.836400, -0.961000
257.652709, 385.596059; -0.705700, 4.840300, -0.961100
258.730673, 385.316708; -0.699500, 4.846100, -0.961200
259.488943, 385.058968; -0.693000, 4.851900, -0.961100
261.091566, 385.325301; -0.690000, 4.854800, -0.961000
262.935733, 385.359897; -0.686700, 4.857700, -0.961000
263.358537, 385.370732; -0.683500, 4.860600, -0.961000
264.358779, 385.363868; -0.677100, 4.866300, -0.961000
265.321256, 385.251208; -0.672200, 4.871100, -0.961000
267.150990, 385.289604; -0.668800, 4.874000, -0.961000
267.975669, 385.211679; -0.665600, 4.876800, -0.961100
269.261194, 385.482587; -0.662200, 4.880700, -0.961200
269.497619, 385.371429; -0.658800, 4.883500, -0.961300
270.926540, 385.440758; -0.653900, 4.887300, -0.961200
271.639225, 385.152542; -0.645500, 4.894900, -0.961300
273.273608, 385.399516; -0.642200, 4.897700, -0.961400
274.817073, 385.153659; -0.635400, 4.904300, -0.961500
275.333333, 385.381995; -0.632100, 4.907200, -0.961500
277.246377, 385.403382; -0.624200, 4.913800, -0.961400
277.870892, 385.284038; -0.620900, 4.917600, -0.961600
280.211587, 385.433249; -0.617800, 4.920400, -0.961500
281.014563, 385.233010; -0.614800, 4.923300, -0.961500
281.387409, 385.363196; -0.611600, 4.926100, -0.961400
282.351039, 385.219400; -0.601800, 4.935600, -0.961200
283.524941, 385.337292; -0.596800, 4.941300, -0.961300
285.818824, 385.157647; -0.593500, 4.944100, -0.961300
287.227818, 385.330935; -0.583700, 4.953500, -0.961100
288.128329, 385.593220; -0.580000, 4.957200, -0.961200
290.808314, 385.110855; -0.576900, 4.960100, -0.961200
291.466825, 385.028436; -0.565200, 4.970300, -0.961200
292.599045, 384.782816; -0.561500, 4.974000, -0.961300
295.413551, 385.217290; -0.558300, 4.976800, -0.961300
296.190157, 385.201342; -0.554800, 4.979500, -0.961200
297.172577, 385.297872; -0.549800, 4.984200, -0.961200
297.935035, 385.153132; -0.543200, 4.990700, -0.961400
298.995402, 385.050575; -0.534700, 4.998100, -0.961300
300.740319, 385.218679; -0.531400, 5.000800, -0.961300
303.158019, 385.360849; -0.528000, 5.004500, -0.961400
303.608989, 385.256180; -0.520300, 5.010900, -0.961300
304.493304, 385.029018; -0.515600, 5.015600, -0.961400
307.139013, 385.354260; -0.512400, 5.019300, -0.961400
308.034325, 385.384439; -0.509100, 5.022000, -0.961400
308.774194, 385.520737; -0.499400, 5.031200, -0.961500
309.983871, 385.239631; -0.496300, 5.034000, -0.961500
312.231293, 385.346939; -0.493100, 5.036700, -0.961400
313.125581, 385.158140; -0.488400, 5.041300, -0.961400
313.854214, 385.355353; -0.483900, 5.045900, -0.961500
314.945330, 385.473804; -0.480700, 5.049600, -0.961600
316.413483, 385.152809; -0.474400, 5.055100, -0.961700
317.037037, 385.092593; -0.469800, 5.058600, -0.961600
318.914550, 385.272517; -0.463400, 5.064100, -0.961500
319.885584, 385.363844; -0.460200, 5.066800, -0.961500
321.392019, 385.204225; -0.456900, 5.070400, -0.961700
322.522831, 384.945205; -0.453800, 5.073100, -0.961700
323.098398, 385.249428; -0.450400, 5.075800, -0.961700
323.997680, 385.422274; -0.447300, 5.078500, -0.961700
324.726027, 385.463470; -0.442500, 5.083000, -0.961800
325.768879, 385.212815; -0.439400, 5.085700, -0.961900
326.895349, 385.460465; -0.436200, 5.088400, -0.961900
327.306075, 385.371495; -0.433200, 5.091100, -0.961900
328.077803, 385.157895; -0.430100, 5.093800, -0.961900
329.124122, 385.505855; -0.426900, 5.097500, -0.961800
330.127711, 385.686747; -0.423700, 5.100100, -0.962000
330.732558, 385.483721; -0.420600, 5.102800, -0.962100
331.412301, 385.460137; -0.415800, 5.107300, -0.962000
332.519362, 385.708428; -0.412700, 5.110000, -0.962100
333.511737, 385.403756; -0.406600, 5.116400, -0.962300
334.337868, 384.984127; -0.397200, 5.124400, -0.962200
336.340136, 385.269841; -0.392300, 5.128900, -0.962100
338.879271, 385.455581; -0.388900, 5.131500, -0.962100
339.881007, 385.421053; -0.384200, 5.136000, -0.962200
341.087356, 385.383908; -0.379600, 5.140500, -0.962200
342.067265, 385.500000; -0.376500, 5.143100, -0.962200
342.933333, 385.724138; -0.373300, 5.145800, -0.962100
343.805492, 385.347826; -0.370300, 5.149400, -0.962300
344.660550, 385.580275; -0.365600, 5.152900, -0.962200
345.306265, 385.422274; -0.360900, 5.157400, -0.962200
346.658933, 385.081206; -0.358000, 5.160000, -0.962200
348.004525, 385.140271; -0.354600, 5.163600, -0.962400
349.020930, 385.172093; -0.351700, 5.166300, -0.962300
349.923434, 385.285383; -0.348900, 5.169000, -0.962400
350.428246, 385.086560; -0.345800, 5.171600, -0.962400
351.203271, 385.228972; -0.341100, 5.176100, -0.962200
351.933638, 385.180778; -0.334900, 5.182300, -0.962400
353.674473, 385.355972; -0.327400, 5.188400, -0.962200
354.969697, 385.314685; -0.321100, 5.194600, -0.962400
356.804147, 385.649770; -0.318200, 5.197300, -0.962300
358.697892, 385.067916; -0.315200, 5.200000, -0.962200
359.167053, 385.438515; -0.308300, 5.206100, -0.962300
359.672727, 385.363636; -0.305500, 5.208700, -0.962300
361.348837, 385.420930; -0.302100, 5.212300, -0.962400
362.632287, 385.399103; -0.297400, 5.216700, -0.962300
363.355658, 385.466513; -0.293900, 5.219300, -0.962400
364.475113, 385.441176; -0.287800, 5.225500, -0.962400
365.289044, 385.456876; -0.284200, 5.228000, -0.962400
367.409302, 385.341860; -0.278500, 5.233300, -0.962400
367.922018, 385.266055; -0.273500, 5.237600, -0.962400
369.273349, 385.460137; -0.270300, 5.240200, -0.962300
371.301624, 385.487239; -0.267200, 5.243800, -0.962300
372.119332, 385.420048; -0.264100, 5.246300, -0.962500
372.915493, 385.384977; -0.257800, 5.252500, -0.962400
373.375870, 385.171694; -0.254500, 5.255100, -0.962400
375.526932, 385.440281; -0.249700, 5.259400, -0.962400
376.843091, 385.414520; -0.246300, 5.262900, -0.962600
377.917453, 385.419811; -0.233400, 5.274100, -0.962500
378.732265, 385.505721; -0.229800, 5.277600, -0.962600
381.547945, 385.577626; -0.225100, 5.282000, -0.962600
382.954649, 385.253968; -0.218900, 5.287100, -0.962400
384.000000, 385.616071; -0.215900, 5.290700, -0.962600
385.647450, 385.272727; -0.207500, 5.298500, -0.962700
386.434879, 385.476821; -0.204500, 5.301100, -0.962400
388.498920, 385.485961; -0.199800, 5.305400, -0.962300
389.004415, 385.344371; -0.196600, 5.307900, -0.962300
390.508772, 385.484649; -0.195000, 5.309700, -0.962300
391.192053, 385.434879; -0.190200, 5.314000, -0.962300
392.204348, 385.213043; -0.187400, 5.317600, -0.962400
392.995546, 385.510022; -0.183800, 5.320100, -0.962300
393.976242, 385.339093; -0.180700, 5.322600, -0.962100
394.623094, 385.431373; -0.177400, 5.326100, -0.962300
395.737079, 385.626966; -0.174100, 5.329600, -0.962400
396.481481, 385.383442; -0.169700, 5.334000, -0.962200
396.919214, 385.449782; -0.164400, 5.338200, -0.962200
398.705757, 385.208955; -0.161200, 5.340700, -0.962000
399.781457, 385.432671; -0.156000, 5.345900, -0.962200
400.720524, 385.606987; -0.151300, 5.350200, -0.962300
402.099099, 385.621622; -0.148100, 5.352700, -0.962200
403.531590, 385.381264; -0.145000, 5.355200, -0.962100
404.436285, 385.306695; -0.142000, 5.358800, -0.962200
404.799569, 385.515086; -0.136200, 5.364900, -0.962200
405.796460, 385.380531; -0.132600, 5.367300, -0.962100
407.742222, 385.564444; -0.129800, 5.369900, -0.961800
408.572668, 385.403471; -0.126700, 5.373400, -0.962000
408.839130, 385.313043; -0.120500, 5.379500, -0.961800
410.115632, 385.222698; -0.117500, 5.383000, -0.961700
412.256900, 385.530786; -0.112600, 5.387300, -0.961600
412.734914, 385.502155; -0.108500, 5.392700, -0.961600
414.326964, 385.360934; -0.103400, 5.396900, -0.961200
415.558758, 385.221729; -0.100500, 5.399400, -0.961300
416.619149, 385.140426; -0.095800, 5.404700, -0.961100
417.453704, 385.601852; -0.092500, 5.407100, -0.961200
418.535332, 385.483940; -0.091100, 5.408900, -0.961200
418.884532, 385.339869; -0.086300, 5.413100, -0.961200
420.243902, 385.472284; -0.082000, 5.417400, -0.960900
421.392936, 385.300221; -0.078100, 5.420800, -0.961100
422.396552, 385.297414; -0.068300, 5.430200, -0.960900
423.507761, 385.232816; -0.063200, 5.434300, -0.961000
426.254386, 385.418860; -0.060200, 5.436800, -0.961000
427.200883, 385.309051; -0.056800, 5.440200, -0.961100
428.074890, 385.420705; -0.053200, 5.443600, -0.961000
428.910256, 384.905983; -0.049700, 5.446900, -0.961500
429.648822, 385.404711; -0.041600, 5.454400, -0.962100
430.592511, 385.374449; -0.035900, 5.460600, -0.961500
432.681128, 385.225597; -0.034700, 5.463400, -0.961800
434.432258, 385.124731; -0.033400, 5.467200, -0.962200
435.046460, 385.314159; -0.019800, 5.474800, -0.961100
436.240000, 385.094737; -0.016700, 5.478300, -0.961000
438.941176, 385.407240; -0.013300, 5.481700, -0.961100
439.868251, 385.239741; -0.007200, 5.487600, -0.961100
440.964206, 385.187919; -0.004000, 5.490100, -0.960800
442.491416, 385.306867; -0.001100, 5.493600, -0.961100
443.426667, 385.397778; 0.002400, 5.496900, -0.961100
444.413793, 385.318966; 0.008900, 5.502800, -0.961000
444.753247, 385.153680; 0.018200, 5.512100, -0.961000
446.457627, 385.048729; 0.022300, 5.515400, -0.961200
449.258929, 385.254464; 0.025200, 5.517900, -0.961000
450.134904, 385.284797; 0.028900, 5.521100, -0.961100
450.877506, 385.267261; 0.034300, 5.526100, -0.961300
451.586957, 385.373913; 0.037500, 5.528600, -0.960900
452.953846, 385.340659; 0.041000, 5.531900, -0.961300
454.404063, 385.501129; 0.046000, 5.536000, -0.961000
455.240275, 385.313501; 0.049300, 5.539300, -0.961300
456.500000, 385.280000; 0.057700, 5.546700, -0.961400
457.593381, 385.260047; 0.060900, 5.550200, -0.961300
459.411085, 385.424942; 0.064100, 5.552600, -0.961300
460.599553, 385.411633; 0.067400, 5.556000, -0.961200
461.572770, 385.279343; 0.070700, 5.559300, -0.961400
462.063457, 385.291028; 0.078600, 5.566900, -0.961400
463.116071, 385.075893; 0.082200, 5.570200, -0.961400
465.454545, 385.386946; 0.085000, 5.573700, -0.961400
466.131579, 385.570175; 0.088800, 5.576900, -0.961400
467.190805, 385.243678; 0.101800, 5.588400, -0.961300
467.973034, 385.298876; 0.107200, 5.594400, -0.961400
471.916865, 385.527316; 0.110400, 5.596800, -0.961200
473.165094, 385.266509; 0.113700, 5.601200, -0.961400
474.056561, 385.244344; 0.117300, 5.603400, -0.961300
474.863109, 385.378190; 0.120300, 5.606900, -0.961200
475.954545, 385.295455; 0.124000, 5.610100, -0.961200
476.969626, 385.198598; 0.126900, 5.612600, -0.961100
477.618267, 385.222482; 0.130300, 5.615900, -0.961300
478.988208, 385.429245; 0.134400, 5.620100, -0.961200
479.375854, 385.136674; 0.138200, 5.623400, -0.961200
480.746512, 385.483721; 0.139800, 5.625000, -0.961200
481.322581, 385.255760; 0.144200, 5.629200, -0.961300
482.554054, 385.409910; 0.150900, 5.635800, -0.961300
483.520190, 385.425178; 0.158800, 5.643300, -0.961300
485.316038, 385.240566; 0.162000, 5.646600, -0.961200
487.122685, 385.289352; 0.166700, 5.650700, -0.961200
488.350917, 385.366972; 0.169800, 5.654100, -0.961200
489.890511, 385.406326; 0.173200, 5.657400, -0.961400
490.571429, 385.461358; 0.177400, 5.661600, -0.961200
491.465228, 385.127098; 0.181200, 5.664800, -0.961300
492.643519, 385.386574; 0.183000, 5.666400, -0.961300
493.275294, 385.294118; 0.187700, 5.670400, -0.961400
494.305122, 385.296214; 0.194000, 5.676100, -0.961300
494.954338, 385.299087; 0.197900, 5.680300, -0.961400
497.063529, 385.265882; 0.200700, 5.682700, -0.961600
497.594787, 385.168246; 0.205900, 5.687600, -0.961500
498.877880, 385.165899; 0.209100, 5.689900, -0.961700
500.211982, 385.071429; 0.215400, 5.695600, -0.961700
501.099762, 385.254157; 0.218600, 5.698900, -0.961700
502.815085, 385.386861; 0.221600, 5.702300, -0.962000
503.363420, 385.040380; 0.224800, 5.704600, -0.961800
504.668246, 385.459716; 0.227900, 5.708000, -0.961800
504.841629, 384.966063; 0.229700, 5.709600, -0.962000
506.080645, 385.119816; 0.234200, 5.713700, -0.961900
507.132701, 385.137441; 0.242000, 5.721000, -0.962000
507.494172, 385.198135; 0.245500, 5.724300, -0.962100
510.248858, 385.047945; 0.248100, 5.726700, -0.962100
511.063725, 385.458333; 0.251800, 5.729900, -0.962300
511.578089, 385.293706; 0.255000, 5.733200, -0.962300
512.256293, 385.274600; 0.256000, 5.734000, -0.962300
513.372263, 385.126521; 0.268500, 5.745300, -0.962200
514.141509, 385.228774; 0.271800, 5.748600, -0.962300
517.472906, 385.155172; 0.275000, 5.751900, -0.962400
518.101149, 384.974713; 0.277700, 5.755400, -0.962400
519.317191, 385.242131; 0.282600, 5.759300, -0.962300
519.741627, 385.002392; 0.287500, 5.764200, -0.962400
521.064748, 385.316547; 0.290300, 5.766600, -0.962200
522.438389, 384.943128; 0.297000, 5.774200, -0.962500
523.542998, 385.068796; 0.301300, 5.777300, -0.962300
525.066667, 385.154762; 0.306000, 5.782200, -0.962300
526.778870, 385.550369; 0.310600, 5.786200, -0.962400
527.730673, 384.952618; 0.313700, 5.789600, -0.962200
528.851415, 384.926887; 0.317100, 5.792800, -0.962400
529.818182, 385.334152; 0.320400, 5.796100, -0.962500
531.268844, 385.522613; 0.321700, 5.797800, -0.962400
531.497585, 384.939614; 0.326600, 5.801700, -0.962300
532.358537, 385.102439; 0.329600, 5.805100, -0.962400
533.190361, 385.142169; 0.332900, 5.807300, -0.962400
533.703614, 384.718072; 0.339300, 5.813800, -0.962600
534.860976, 384.912195; 0.342700, 5.817100, -0.962600
536.990291, 385.116505; 0.345100, 5.819500, -0.962700
537.664198, 385.370370; 0.348800, 5.822700, -0.962700
538.524510, 385.075980; 0.350600, 5.824300, -0.962700
539.179803, 385.359606; 0.360600, 5.834100, -0.962500
540.032178, 384.789604; 0.365300, 5.839000, -0.962500
542.333333, 385.305164; 0.371300, 5.845800, -0.962400
544.014252, 385.021378; 0.374200, 5.849100, -0.962500
545.721106, 385.015075; 0.377400, 5.851400, -0.962300
546.572115, 384.810096; 0.380200, 5.854800, -0.962400
547.096927, 384.635934; 0.383700, 5.858000, -0.962400
547.957143, 384.700000; 0.390000, 5.864600, -0.962300
549.238318, 385.191589; 0.394400, 5.869600, -0.962500
550.845433, 384.740047; 0.397600, 5.871800, -0.962500
552.355392, 384.821078; 0.400400, 5.874200, -0.962300
552.963235, 384.943627; 0.404000, 5.878400, -0.962500
553.931579, 384.763158; 0.406800, 5.880700, -0.962400
554.936548, 384.865482; 0.410000, 5.884000, -0.962600
555.298289, 384.997555; 0.412600, 5.886400, -0.962500
556.699482, 385.134715; 0.416200, 5.889500, -0.962500
557.862069, 385.160099; 0.433900, 5.906400, -0.962600
562.000000, 385.281095; 0.437200, 5.909600, -0.962700
563.129771, 384.809160; 0.440000, 5.912000, -0.962500
563.921120, 384.648855; 0.444900, 5.916800, -0.962700
565.241814, 384.806045; 0.447800, 5.920200, -0.962600
566.109661, 385.101828; 0.449500, 5.921800, -0.962700
566.702899, 384.562802; 0.457100, 5.929000, -0.962700
567.386635, 384.842482; 0.459700, 5.932400, -0.962700
569.470588, 384.690537; 0.463300, 5.935500, -0.962900
570.261538, 384.884615; 0.466100, 5.937900, -0.962500
571.274559, 384.632242; 0.470900, 5.942800, -0.962700
572.253927, 384.348168; 0.473700, 5.946100, -0.962700
573.530457, 384.898477; 0.475700, 5.947700, -0.962700
573.722359, 384.132678; 0.478500, 5.951000, -0.962600
574.940594, 384.185644; 0.483100, 5.954900, -0.962700
575.330882, 384.311275; 0.486300, 5.958100, -0.962600
576.371571, 384.486284; 0.490900, 5.963100, -0.962800
577.726817, 384.706767; 0.494200, 5.966300, -0.962700
579.290909, 385.033766; 0.497200, 5.968600, -0.962700
579.913838, 384.543081; 0.499900, 5.971900, -0.962800
580.247340, 384.367021; 0.502000, 5.973400, -0.962800
581.002538, 384.304569; 0.504900, 5.976700, -0.962700
582.316195, 384.519280; 0.511500, 5.982100, -0.962800
583.333333, 384.734417; 0.515900, 5.987100, -0.962900
584.805486, 384.476309; 0.519600, 5.990100, -0.962900
585.997429, 384.241645; 0.524700, 5.994900, -0.963000
586.867647, 384.352941; 0.527300, 5.997300, -0.962800
588.110540, 384.508997; 0.530800, 6.000400, -0.963000
589.122807, 384.390977; 0.533600, 6.003800, -0.963000
589.554707, 384.727735; 0.537300, 6.006800, -0.963100
590.663342, 384.224439; 0.540000, 6.010200, -0.963300
591.500000, 384.570313; 0.546500, 6.015600, -0.963100
593.002809, 384.182584; 0.551300, 6.020400, -0.963300
594.425134, 384.197861; 0.554200, 6.023700, -0.963200
595.537084, 384.337596; 0.561900, 6.030800, -0.963400
596.793103, 383.975369; 0.565200, 6.034000, -0.963400
598.672823, 383.820580; 0.570100, 6.038700, -0.963500
599.099502, 384.189055; 0.573100, 6.042100, -0.963400
600.983914, 384.391421; 0.577700, 6.045900, -0.963500
601.510101, 384.272727; 0.580900, 6.049100, -0.963600
603.068421, 384.534211; 0.583000, 6.051600, -0.963700
603.500000, 384.368812; 0.593600, 6.062000, -0.963600
604.516539, 384.333333; 0.598900, 6.066600, -0.963500
607.397959, 384.709184; 0.602300, 6.069800, -0.963700
608.864450, 384.173913; 0.615000, 6.082600, -0.963900
609.520513, 384.915385; 0.618300, 6.085800, -0.963800
613.165842, 383.928218; 0.621800, 6.088900, -0.964000
613.910714, 383.673469; 0.624800, 6.092100, -0.963900
614.676190, 383.957143; 0.632500, 6.100200, -0.964000
615.654545, 384.511688; 0.637200, 6.104000, -0.963800
617.478571, 384.354762; 0.640700, 6.107100, -0.964000
618.790932, 383.438287; 0.644700, 6.111100, -0.963900
620.825613, 383.367847; 0.648400, 6.114100, -0.964000
621.205514, 383.799499; 0.654800, 6.120500, -0.963900
621.767677, 383.916667; 0.658200, 6.123600, -0.964100
624.770619, 384.201031; 0.664900, 6.129900, -0.964100
624.903308, 384.081425; 0.667400, 6.132300, -0.964000
627.264423, 384.002404; 0.669500, 6.133700, -0.964000
627.769767, 384.169767; 0.674300, 6.138400, -0.964400
628.867830, 383.109726; 0.674400, 6.138400, -0.964400
628.291375, 383.659674; 0.674400, 6.138400, -0.964400
628.140553, 384.223502; 0.674300, 6.138400, -0.964400
628.982673, 384.321782; 0.674400, 6.138400, -0.964500
628.302691, 384.313901; 0.674400, 6.138400, -0.964400
628.248307, 384.270880; 0.674400, 6.138400, -0.964500
628.398148, 384.273148; 0.674400, 6.138400, -0.964500
628.293303, 384.025404; 0.674400, 6.138400, -0.964500
628.247191, 383.764045; 0.674400, 6.138400, -0.964500
628.721698, 384.488208; 0.674400, 6.138400, -0.964500
628.360619, 383.783186; 0.674300, 6.138400, -0.964500
628.091928, 384.320628; 0.674300, 6.138400, -0.964500
628.153318, 384.000000; 0.674400, 6.138400, -0.964500
628.440181, 383.959368; 0.674300, 6.138400, -0.964500
628.423690, 384.006834; 0.674400, 6.138400, -0.964500
628.388489, 384.007194; 0.674400, 6.138400, -0.964500
628.362385, 383.887615; 0.676300, 6.139900, -0.964200
628.685579, 384.191489; 0.682100, 6.145400, -0.964400
629.926509, 383.608924; 0.683900, 6.146900, -0.964400
629.894484, 383.654676; 0.686400, 6.149300, -0.964500
631.297814, 383.464481; 0.688100, 6.150800, -0.964500
631.270270, 384.451351; 0.690000, 6.152300, -0.964400
631.555556, 384.037940; 0.692400, 6.154700, -0.964500
631.979472, 383.173021; 0.693100, 6.155500, -0.964700
631.701333, 384.346667; 0.691300, 6.154000, -0.964800
630.890863, 383.837563; 0.683800, 6.147000, -0.964400
630.970745, 383.603723; 0.679300, 6.143100, -0.964500
629.437055, 383.954869; 0.677100, 6.140700, -0.964400
628.015982, 383.958904; 0.669500, 6.134700, -0.964200
626.619590, 383.715262; 0.665300, 6.129800, -0.964100
625.554707, 384.379135; 0.657400, 6.122800, -0.963900
620.992958, 384.584507; 0.635300, 6.102500, -0.964000
617.238443, 384.218978; 0.635100, 6.102500, -0.964000
616.918465, 383.848921; 0.635200, 6.102500, -0.964000
617.209360, 384.389163; 0.635200, 6.102500, -0.964000
617.053991, 383.997653; 0.635100, 6.102500, -0.964100
616.771765, 384.000000; 0.635100, 6.102500, -0.964100
617.181818, 384.042929; 0.635100, 6.102500, -0.964100
617.545226, 383.994975; 0.635100, 6.102500, -0.964100
617.213592, 383.283981; 0.635100, 6.102500, -0.964100
617.054245, 384.643868; 0.635100, 6.102500, -0.964100
616.945498, 384.303318; 0.635100, 6.102500, -0.964100
617.478697, 384.598997; 0.635100, 6.102500, -0.964100
616.752273, 384.034091; 0.635100, 6.102500, -0.964100
617.082547, 384.115566; 0.635100, 6.102500, -0.964100
617.241050, 383.992840; 0.635100, 6.102500, -0.964100
617.363184, 383.833333; 0.635100, 6.102500, -0.964100
617.287440, 384.159420; 0.635100, 6.102500, -0.964100
616.646789, 383.903670; 0.635100, 6.102500, -0.964100
616.929577, 383.849765; 0.635100, 6.102500, -0.964100
616.797674, 384.511628; 0.635100, 6.102500, -0.964100
617.224691, 384.192593; 0.635100, 6.102500, -0.964100
616.730159, 384.140590; 0.635100, 6.102500, -0.964100
616.781395, 384.039535; 0.635100, 6.102500, -0.964100
616.877030, 384.009281; 0.635100, 6.102500, -0.964100
616.950237, 384.037915; 0.635100, 6.102500, -0.964100
617.020930, 384.127907; 0.635100, 6.102500, -0.964100
616.667470, 383.657831; 0.635100, 6.102500, -0.964100
617.117925, 383.969340; 0.635100, 6.102500, -0.964100
617.783163, 384.073980; 0.635100, 6.102500, -0.964100
616.973105, 383.887531; 0.635100, 6.102500, -0.964100
616.931373, 383.654412; 0.635100, 6.102500, -0.964100
617.142180, 383.988152; 0.635100, 6.102600, -0.964100
616.980630, 384.297821; 0.635100, 6.102600, -0.964100
616.748299, 383.702948; 0.635100, 6.102600, -0.964100
617.443590, 384.079487; 0.635100, 6.102500, -0.964100
617.254197, 384.407674; 0.635100, 6.102600, -0.964100
617.029484, 384.034398; 0.635100, 6.102600, -0.964100
617.004785, 383.964115; 0.635100, 6.102500, -0.964100
616.856808, 384.032864; 0.635100, 6.102600, -0.964100
617.341646, 384.062344; 0.635000, 6.102600, -0.964100
617.273869, 383.909548; 0.635000, 6.102600, -0.964100
617.245000, 383.832500; 0.635100, 6.102500, -0.964100
617.368957, 384.234097; 0.635000, 6.102600, -0.964100
617.230769, 384.518610; 0.635100, 6.102500, -0.964100
617.194712, 384.002404; 0.635000, 6.102600, -0.964100
617.101449, 384.103865; 0.635000, 6.102600, -0.964200
617.203390, 384.261501; 0.635000, 6.102600, -0.964100
617.194175, 384.084951; 0.635000, 6.102600, -0.964100
617.185819, 384.547677; 0.635000, 6.102600, -0.964100
618.005333, 383.525333; 0.635000, 6.102600, -0.964100
617.168675, 384.373494; 0.635000, 6.102600, -0.964100
616.985185, 384.150617; 0.635000, 6.102600, -0.964100
616.759551, 384.238202; 0.635000, 6.102600, -0.964100
617.213400, 383.890819; 0.635000, 6.102600, -0.964100
617.112440, 383.650718; 0.635000, 6.102600, -0.964200
616.799534, 384.083916; 0.635000, 6.102600, -0.964200
616.941038, 384.257075; 0.635000, 6.102600, -0.964100
616.948276, 384.243842; 0.635000, 6.102600, -0.964100
617.449749, 384.487437; 0.635000, 6.102600, -0.964100
617.226190, 384.447619; 0.635000, 6.102600, -0.964200
616.791111, 384.111111; 0.635000, 6.102600, -0.964100
617.092010, 384.784504; 0.635000, 6.102600, -0.964100
617.100239, 384.568019; 0.634700, 6.101600, -0.964000
616.654545, 384.106818; 0.635000, 6.102600, -0.964100
617.139810, 384.191943; 0.635000, 6.102600, -0.964200
617.217284, 384.276543; 0.635000, 6.102600, -0.964100
616.860092, 383.580275; 0.635000, 6.102600, -0.964200
617.896104, 383.722078; 0.635000, 6.102600, -0.964200
617.243781, 383.410448; 0.635000, 6.102600, -0.964200
616.703016, 383.916473; 0.635000, 6.102600, -0.964200
616.882353, 384.135747; 0.635000, 6.102600, -0.964200
616.686937, 384.247748; 0.635000, 6.102600, -0.964200
616.749431, 384.277904; 0.635000, 6.102600, -0.964200
617.545918, 384.020408; 0.635000, 6.102600, -0.964200
617.303483, 385.032338; 0.635000, 6.102600, -0.964200
616.795402, 383.914943; 0.635000, 6.102600, -0.964200
617.103529, 384.197647; 0.635000, 6.102600, -0.964200
616.600446, 383.511161; 0.635000, 6.102600, -0.964200
616.868664, 384.248848; 0.635000, 6.102600, -0.964200
616.656682, 384.057604; 0.635000, 6.102600, -0.964200
616.640625, 383.982143; 0.635000, 6.102600, -0.964200
616.863850, 383.880282; 0.635000, 6.102600, -0.964200
616.801339, 384.162946; 0.635000, 6.102600, -0.964200
616.563927, 383.573059; 0.635000, 6.102600, -0.964200
616.515556, 384.117778; 0.635000, 6.102600, -0.964200
617.219697, 383.237374; 0.635000, 6.102600, -0.964200
616.842105, 384.292906; 0.634700, 6.101600, -0.964100
616.853774, 384.087264; 0.635000, 6.102600, -0.964200
616.518100, 383.997738; 0.635000, 6.102600, -0.964200
616.685912, 384.120092; 0.635000, 6.102600, -0.964200
617.335025, 383.802030; 0.635000, 6.102500, -0.964200
617.107728, 384.044496; 0.635000, 6.102600, -0.964200
616.862613, 384.274775; 0.635000, 6.102600, -0.964200
616.478936, 383.847007; 0.635000, 6.102600, -0.964200
616.821101, 384.172018; 0.635000, 6.102600, -0.964200
616.813212, 383.995444; 0.635000, 6.102600, -0.964200
616.625835, 383.775056; 0.635000, 6.102600, -0.964200
616.693878, 384.029478; 0.635000, 6.102600, -0.964200
617.036320, 384.329298; 0.635000, 6.102600, -0.964200
616.783981, 383.502427; 0.635000, 6.102600, -0.964200
616.995423, 383.883295; 0.635000, 6.102600, -0.964200
616.735099, 384.280353; 0.635000, 6.102600, -0.964200
616.928736, 383.724138; 0.635000, 6.102600, -0.964200
616.896956, 384.060890; 0.634700, 6.101600, -0.964000
616.789954, 383.675799; 0.635000, 6.102600, -0.964200
616.777778, 384.439815; 0.635000, 6.102600, -0.964200
616.722727, 384.131818; 0.635000, 6.102600, -0.964200
616.932039, 383.577670; 0.635000, 6.102600, -0.964200
616.815315, 384.394144; 0.635000, 6.102600, -0.964200
616.965261, 384.238213; 0.635000, 6.102600, -0.964200
617.181176, 383.877647; 0.635000, 6.102600, -0.964200
616.798595, 384.173302; 0.635000, 6.102600, -0.964200
616.405345, 383.826281; 0.635000, 6.102600, -0.964200
616.486425, 383.662896; 0.635000, 6.102600, -0.964200
616.674944, 383.923251; 0.635000, 6.102600, -0.964200
616.834906, 384.153302; 0.635000, 6.102600, -0.964200
617.058824, 383.974118; 0.635000, 6.102600, -0.964100
616.884977, 384.129108; 0.635000, 6.102600, -0.964200
616.467991, 384.059603; 0.635000, 6.102600, -0.964100
616.668998, 383.951049; 0.635000, 6.102600, -0.964100
616.654945, 384.024176; 0.635000, 6.102600, -0.964200
616.757303, 384.166292; 0.634700, 6.101600, -0.964000
616.785235, 384.263982; 0.635000, 6.102600, -0.964200
616.404396, 384.301099; 0.635000, 6.102600, -0.964200
616.702222, 383.951111; 0.635000, 6.102600, -0.964200
616.759174, 383.610092; 0.635000, 6.102600, -0.964200
617.054118, 384.397647; 0.635000, 6.102600, -0.964200
617.241975, 384.123457; 0.635000, 6.102600, -0.964200
616.984444, 384.573333; 0.635000, 6.102600, -0.964200
616.516199, 384.090713; 0.635000, 6.102600, -0.964200
616.669604, 384.129956; 0.635000, 6.102600, -0.964200
616.596950, 384.100218; 0.635000, 6.102600, -0.964200
616.856132, 384.292453; 0.635000, 6.102600, -0.964200
616.764151, 383.936321; 0.635000, 6.102600, -0.964200
616.883333, 384.197619; 0.635000, 6.102600, -0.964200
616.733634, 384.207675; 0.635000, 6.102600, -0.964200
616.604444, 383.988889; 0.635000, 6.102600, -0.964200
616.595402, 384.078161; 0.635000, 6.102600, -0.964200
616.953380, 384.470862; 0.635000, 6.102600, -0.964200
616.588372, 383.706977; 0.635000, 6.102600, -0.964200
616.988345, 383.867133; 0.635000, 6.102600, -0.964200
616.824201, 384.187215; 0.635000, 6.102600, -0.964200
616.643016, 384.119734; 0.635000, 6.102600, -0.964200
616.401316, 384.168860; 0.635000, 6.102600, -0.964200
616.405797, 384.089027; 0.635000, 6.102600, -0.964200
616.379237, 384.150424; 0.635000, 6.102600, -0.964200
617.796438, 384.343511; 0.635000, 6.102600, -0.964200
619.414634, 385.257840; 0.635000, 6.102600, -0.964200
619.929329, 384.229682; 0.635000, 6.102600, -0.964200
619.444030, 385.514925; 0.635000, 6.102600, -0.964200
620.135802, 384.641975; 0.635000, 6.102600, -0.964200
619.018727, 385.895131; 0.635000, 6.102600, -0.964200
619.124555, 386.113879; 0.635000, 6.102600, -0.964200
618.979592, 384.707483; 0.635000, 6.102600, -0.964200
620.151261, 384.789916; 0.635000, 6.102600, -0.964200
619.591078, 383.754647; 0.635000, 6.102600, -0.964200
619.547101, 384.880435; 0.635000, 6.102600, -0.964200
620.544355, 383.072581; 0.635000, 6.102600, -0.964200
619.219672, 385.160656; 0.635000, 6.102600, -0.964200
619.646465, 385.235690; 0.635000, 6.102600, -0.964200
619.305648, 383.847176; 0.635000, 6.102600, -0.964200
619.696113, 385.077739; 0.635000, 6.102600, -0.964200
619.720755, 384.377358; 0.635000, 6.102600, -0.964200
619.746988, 384.582329; 0.635000, 6.102600, -0.964200
619.241722, 384.728477; 0.635000, 6.102600, -0.964200
619.937269, 385.081181; 0.635000, 6.102600, -0.964200
619.209150, 384.964052; 0.635000, 6.102600, -0.964200
620.244980, 383.666667; 0.635000, 6.102600, -0.964200
618.833866, 385.214058; 0.635000, 6.102600, -0.964200
619.447811, 384.468013; 0.635000, 6.102600, -0.964200
619.557312, 384.189723; 0.635000, 6.102600, -0.964200
619.918819, 384.461255; 0.635000, 6.102600, -0.964200
619.374126, 384.118881; 0.635000, 6.102600, -0.964200
620.250000, 384.963115; 0.635000, 6.102600, -0.964200
619.472313, 385.048860; 0.635000, 6.102600, -0.964200
620.582960, 383.820628; 0.635000, 6.102600, -0.964200
620.308880, 384.772201; 0.635000, 6.102600, -0.964200
619.491582, 384.791246; 0.635000, 6.102600, -0.964200
619.893701, 384.559055; 0.635000, 6.102600, -0.964200
618.825939, 385.156997; 0.635000, 6.102600, -0.964200
619.244147, 385.337793; 0.635000, 6.102600, -0.964200
619.461806, 385.142361; 0.635000, 6.102600, -0.964200
619.861702, 384.570922; 0.635000, 6.102600, -0.964200
619.472414, 384.931034; 0.635000, 6.102600, -0.964200
620.370079, 384.330709; 0.635000, 6.102600, -0.964200
620.016194, 384.587045; 0.635000, 6.102600, -0.964200
618.869010, 384.856230; 0.635000, 6.102600, -0.964200
619.386667, 384.860000; 0.635000, 6.102600, -0.964200
620.015094, 384.324528; 0.635000, 6.102600, -0.964200
619.852399, 384.383764; 0.635000, 6.102600, -0.964200
619.100000, 384.913333; 0.635000, 6.102600, -0.964200
618.636054, 385.418367; 0.635000, 6.102600, -0.964200
619.710037, 385.159851; 0.634700, 6.101600, -0.964100
619.468531, 384.912587; 0.635000, 6.102600, -0.964200
618.768707, 385.772109; 0.635000, 6.102600, -0.964200
619.903571, 384.400000; 0.635000, 6.102600, -0.964200
618.693878, 384.462585; 0.635000, 6.102600, -0.964200
619.819608, 385.223529; 0.635000, 6.102600, -0.964200
620.270588, 385.172549; 0.635000, 6.102600, -0.964200
619.119863, 385.400685; 0.635000, 6.102600, -0.964200
619.454198, 385.377863; 0.635000, 6.102600, -0.964200
619.331034, 385.248276; 0.634700, 6.101600, -0.964100
618.834416, 385.243506; 0.635000, 6.102600, -0.964200
619.383212, 385.299270; 0.635000, 6.102600, -0.964200
