599.483871, 385.580645; 0.622700, 6.090700, -0.964000
602.557185, 382.439883; 0.622700, 6.090700, -0.964000
604.134529, 382.044843; 0.623000, 6.091600, -0.964200
607.044118, 376.544118; 0.622700, 6.090700, -0.964000
605.404762, 383.809524; 0.623000, 6.091600, -0.964200
606.370787, 384.028090; 0.623000, 6.091600, -0.964200
603.285714, 382.589286; 0.623000, 6.091600, -0.964200
605.944444, 383.222222; 0.622700, 6.090700, -0.964100
604.770186, 379.068323; 0.622700, 6.090700, -0.964000
604.939024, 384.658537; 0.622700, 6.090700, -0.964100
604.652344, 384.046875; 0.622700, 6.090700, -0.964000
605.840659, 380.802198; 0.622700, 6.090700, -0.964100
605.060748, 382.775701; 0.623000, 6.091600, -0.964200
604.095541, 386.312102; 0.622700, 6.090700, -0.964100
606.897959, 386.397959; 0.622700, 6.090700, -0.964000
605.413793, 382.423645; 0.622700, 6.090700, -0.964000
603.846774, 383.423387; 0.623000, 6.091600, -0.964200
605.950000, 382.750000; 0.622700, 6.090700, -0.964000
604.736842, 382.605263; 0.622600, 6.090700, -0.964000
604.488372, 381.041860; 0.622600, 6.090700, -0.964100
604.486339, 382.240437; 0.622600, 6.090700, -0.964100
605.941667, 383.666667; 0.623000, 6.091600, -0.964200
603.642857, 386.476190; 0.622600, 6.090700, -0.964100
605.650000, 382.714286; 0.622600, 6.090700, -0.964100
603.362319, 382.106280; 0.622700, 6.090700, -0.964100
605.314103, 382.224359; 0.621600, 6.090000, -0.964200
604.341935, 381.503226; 0.618600, 6.086700, -0.964000
602.815451, 383.034335; 0.610200, 6.078900, -0.963800
601.742857, 379.342857; 0.605100, 6.074100, -0.963600
600.610526, 382.831579; 0.601800, 6.071000, -0.963700
598.079208, 383.589109; 0.600600, 6.069300, -0.963500
597.487603, 385.214876; 0.593700, 6.063000, -0.963400
598.747899, 382.176471; 0.590600, 6.059800, -0.963600
594.848837, 380.651163; 0.585600, 6.055000, -0.963400
594.879032, 382.217742; 0.583000, 6.052600, -0.963500
591.505882, 382.758824; 0.581100, 6.051200, -0.963400
592.299578, 383.805907; 0.577700, 6.047000, -0.963300
594.040541, 382.547297; 0.573300, 6.043000, -0.963400
591.007491, 380.981273; 0.566600, 6.036700, -0.963300
589.041353, 382.195489; 0.562300, 6.032800, -0.963200
591.529412, 381.852941; 0.551000, 6.021500, -0.963200
587.530303, 379.575758; 0.544700, 6.015100, -0.963100
583.990099, 388.881188; 0.541200, 6.011900, -0.963200
580.436893, 382.237864; 0.538300, 6.008600, -0.963000
584.201299, 383.181818; 0.533200, 6.003900, -0.962900
582.215827, 381.920863; 0.529900, 6.001700, -0.963000
579.204082, 380.586735; 0.526700, 5.998500, -0.962900
578.892019, 381.474178; 0.523400, 5.995300, -0.962800
576.672598, 382.170819; 0.520000, 5.992200, -0.962800
577.276471, 383.470588; 0.510600, 5.983400, -0.962800
574.852941, 382.159664; 0.505900, 5.978600, -0.962600
573.684932, 381.650685; 0.502500, 5.975400, -0.962500
572.880597, 383.064677; 0.499400, 5.973100, -0.962700
570.119565, 383.003623; 0.496400, 5.969900, -0.962600
569.902299, 383.005747; 0.490000, 5.963400, -0.962600
569.257669, 385.797546; 0.486600, 5.960200, -0.962600
566.475472, 381.954717; 0.483500, 5.956900, -0.962600
563.629310, 384.017241; 0.481900, 5.955300, -0.962500
565.306931, 382.089109; 0.478000, 5.952200, -0.962700
565.385787, 383.517766; 0.474800, 5.950000, -0.962700
565.237037, 384.503704; 0.473000, 5.948400, -0.962800
561.870370, 382.274691; 0.471600, 5.947800, -0.962800
563.287823, 384.372694; 0.467700, 5.943700, -0.962800
561.820261, 381.921569; 0.465500, 5.941200, -0.962800
562.059091, 381.922727; 0.463700, 5.939600, -0.962800
560.346614, 382.111554; 0.459400, 5.934600, -0.962800
559.230769, 382.801282; 0.456900, 5.931200, -0.962800
557.569322, 382.023599; 0.453700, 5.927900, -0.962800
556.926829, 380.307317; 0.449300, 5.922900, -0.962700
556.912892, 382.804878; 0.446600, 5.919500, -0.962800
554.340909, 380.824675; 0.443900, 5.917100, -0.962800
554.276265, 383.163424; 0.439200, 5.911200, -0.962700
552.058537, 384.092683; 0.433500, 5.904400, -0.962800
551.311828, 381.518817; 0.430400, 5.901100, -0.962800
551.213559, 383.935593; 0.428500, 5.899600, -0.962800
549.323288, 381.613699; 0.426400, 5.898000, -0.962900
548.883382, 384.195335; 0.423800, 5.896700, -0.963100
551.241206, 382.557789; 0.421200, 5.894300, -0.963100
549.334821, 382.638393; 0.408100, 5.877100, -0.963100
543.323370, 382.125000; 0.400800, 5.866600, -0.963100
542.800738, 381.129151; 0.395600, 5.858700, -0.962800
540.374251, 382.865269; 0.393100, 5.855200, -0.962800
538.602410, 383.849398; 0.383300, 5.841200, -0.962800
537.118211, 383.447284; 0.376300, 5.830600, -0.962800
535.065359, 382.271242; 0.370800, 5.822800, -0.962800
531.106742, 381.134831; 0.365800, 5.814700, -0.962700
530.300752, 382.335840; 0.356900, 5.800500, -0.962900
527.968254, 382.513228; 0.347500, 5.786300, -0.963200
525.105128, 382.882051; 0.342400, 5.779400, -0.963100
522.294294, 382.660661; 0.334700, 5.767900, -0.962800
520.744737, 382.631579; 0.330000, 5.761900, -0.963000
518.239669, 382.633609; 0.324700, 5.753900, -0.962700
516.500000, 383.433498; 0.312600, 5.736400, -0.962800
514.700472, 383.728774; 0.306000, 5.726700, -0.962800
510.702439, 383.265854; 0.301600, 5.721600, -0.962800
508.229258, 383.048035; 0.297400, 5.716500, -0.962800
506.050239, 382.794258; 0.293300, 5.711300, -0.962800
505.360341, 383.279318; 0.289600, 5.707100, -0.962900
505.727273, 383.436950; 0.285600, 5.701800, -0.963000
504.345133, 382.289086; 0.276600, 5.686500, -0.963200
502.477435, 382.988124; 0.269900, 5.673700, -0.962900
499.295964, 382.840807; 0.266300, 5.666300, -0.963000
496.159453, 383.182232; 0.262900, 5.658800, -0.963000
494.389522, 382.758542; 0.253100, 5.640600, -0.962900
492.101952, 382.835141; 0.245800, 5.624800, -0.962800
489.671772, 383.555799; 0.240300, 5.613700, -0.962800
485.767241, 382.693966; 0.236100, 5.605400, -0.962700
483.348659, 383.469349; 0.234200, 5.601700, -0.962800
482.575107, 383.019313; 0.228100, 5.589800, -0.962600
480.946429, 383.658730; 0.220000, 5.575200, -0.962600
479.339147, 383.540698; 0.216100, 5.566800, -0.962600
475.617409, 383.129555; 0.211700, 5.558600, -0.962400
473.726891, 382.752101; 0.206100, 5.546500, -0.962600
472.662162, 383.444015; 0.202800, 5.539000, -0.962700
470.171657, 383.544910; 0.188600, 5.509200, -0.962800
468.616858, 383.193487; 0.180800, 5.494600, -0.962600
462.732210, 383.350187; 0.174900, 5.482500, -0.962600
459.500000, 383.183908; 0.171000, 5.474100, -0.962600
457.510721, 383.115010; 0.166700, 5.465900, -0.962400
455.857143, 382.909890; 0.162800, 5.458500, -0.962600
454.418891, 383.533881; 0.156900, 5.446400, -0.962700
453.055769, 384.059615; 0.152800, 5.438100, -0.962500
450.325368, 383.555147; 0.151000, 5.433400, -0.962600
448.396739, 383.143116; 0.145300, 5.422300, -0.962600
447.108779, 383.669847; 0.139200, 5.410200, -0.962700
445.315217, 383.621377; 0.133400, 5.398200, -0.962500
442.136986, 383.921233; 0.130700, 5.389600, -0.961600
440.153025, 383.800712; 0.124500, 5.380600, -0.962800
438.636528, 384.056058; 0.121400, 5.375100, -0.962800
437.750000, 383.672481; 0.114900, 5.361100, -0.962400
435.795956, 383.832721; 0.110000, 5.348800, -0.962400
433.316726, 383.770463; 0.106800, 5.341300, -0.962400
430.294776, 383.425373; 0.103600, 5.333700, -0.962500
428.877759, 383.789474; 0.098800, 5.321400, -0.962500
427.617699, 383.872566; 0.095700, 5.312800, -0.962500
424.811490, 383.764811; 0.090900, 5.300400, -0.962500
423.624329, 383.407871; 0.087500, 5.291900, -0.962400
421.379310, 383.985481; 0.082900, 5.280500, -0.962400
420.363465, 383.804143; 0.080000, 5.272900, -0.962400
417.342391, 383.807971; 0.075400, 5.261500, -0.962500
416.246400, 383.739200; 0.072200, 5.253900, -0.962400
414.146597, 383.699825; 0.069100, 5.246400, -0.962400
413.318261, 383.643478; 0.064400, 5.234000, -0.962300
411.109589, 383.708904; 0.061300, 5.226400, -0.962200
408.939863, 383.365979; 0.059700, 5.222700, -0.962200
406.719355, 383.487097; 0.051900, 5.202700, -0.962200
405.283217, 383.786713; 0.048500, 5.194100, -0.962400
401.301794, 383.667210; 0.045300, 5.183400, -0.962300
399.409733, 383.681319; 0.041500, 5.172800, -0.962800
397.358974, 383.500000; 0.035400, 5.157600, -0.962900
395.296849, 383.893864; 0.027400, 5.140800, -0.962600
392.657143, 383.443697; 0.018800, 5.123100, -0.962300
388.292642, 383.565217; 0.013300, 5.111900, -0.962300
384.603710, 383.753794; -0.005500, 5.077900, -0.962400
382.299373, 383.463950; -0.015600, 5.063600, -0.962500
375.292407, 383.914378; -0.020800, 5.056500, -0.962200
372.609677, 383.641935; -0.025800, 5.050400, -0.962400
370.906822, 383.539101; -0.041100, 5.029000, -0.962200
367.641066, 383.684953; -0.046400, 5.020900, -0.962100
363.391379, 384.108621; -0.049800, 5.016500, -0.962100
362.020505, 383.362776; -0.052100, 5.013900, -0.962100
360.938462, 383.512308; -0.055600, 5.008500, -0.961900
360.736667, 383.640000; -0.058600, 5.005000, -0.961900
358.978723, 383.448445; -0.062600, 4.999700, -0.961900
358.655684, 383.700165; -0.064700, 4.997000, -0.961900
356.796073, 383.628399; -0.065900, 4.995200, -0.961900
356.321667, 383.276667; -0.067300, 4.993500, -0.961900
355.681962, 383.647152; -0.071700, 4.987200, -0.961900
355.246815, 383.797771; -0.075600, 4.981900, -0.961800
352.913793, 383.523511; -0.077900, 4.978200, -0.961800
351.832037, 383.325039; -0.080600, 4.974600, -0.961900
351.352365, 383.553018; -0.082700, 4.971000, -0.961800
350.523179, 383.612583; -0.085400, 4.967400, -0.961800
349.720466, 383.514143; -0.092400, 4.957500, -0.962000
348.717073, 383.517073; -0.096100, 4.952100, -0.961900
346.095890, 383.671233; -0.098400, 4.948500, -0.961900
344.453177, 383.836120; -0.102200, 4.944100, -0.962000
343.728868, 383.237640; -0.105100, 4.939600, -0.961700
342.334400, 383.545600; -0.107300, 4.936900, -0.961800
341.061934, 383.187311; -0.114000, 4.928000, -0.961600
340.889621, 383.691928; -0.117800, 4.922600, -0.961700
337.876623, 383.204545; -0.120700, 4.919100, -0.961700
336.877551, 383.321821; -0.123900, 4.913600, -0.961600
336.007987, 383.389776; -0.126900, 4.911100, -0.961800
334.818182, 383.461039; -0.132100, 4.903900, -0.961700
334.082631, 383.613828; -0.134300, 4.900200, -0.961700
332.614065, 383.507719; -0.137000, 4.896600, -0.961700
330.907767, 383.822006; -0.142000, 4.889400, -0.961600
330.542400, 383.688000; -0.143100, 4.887500, -0.961700
329.495066, 383.629934; -0.151200, 4.876800, -0.961700
328.115806, 383.737089; -0.154000, 4.873200, -0.961700
325.112054, 383.568761; -0.156200, 4.869600, -0.961700
324.081210, 383.335987; -0.159000, 4.866000, -0.961700
323.803361, 383.811765; -0.162700, 4.861500, -0.961900
322.634975, 383.478778; -0.164800, 4.857900, -0.961800
321.091640, 383.395498; -0.171500, 4.848900, -0.961700
320.061688, 383.509740; -0.175000, 4.843400, -0.961600
317.456911, 383.175610; -0.177400, 4.840700, -0.961900
317.040609, 383.597293; -0.180100, 4.837200, -0.961800
315.780936, 383.381271; -0.186500, 4.828100, -0.961600
314.908333, 383.668333; -0.190500, 4.822700, -0.961600
312.357027, 383.369952; -0.193100, 4.819100, -0.961500
311.438511, 383.336570; -0.197000, 4.813700, -0.961500
310.688552, 383.202020; -0.200000, 4.810100, -0.961500
308.398413, 383.534921; -0.201200, 4.808300, -0.961600
307.531002, 383.244833; -0.205300, 4.802900, -0.961600
306.612111, 383.502455; -0.207700, 4.799200, -0.961600
306.121795, 383.342949; -0.210600, 4.795600, -0.961600
305.189406, 383.452648; -0.213000, 4.792000, -0.961600
303.567771, 383.450301; -0.217100, 4.786500, -0.961700
303.173139, 383.527508; -0.219800, 4.782900, -0.961600
301.369906, 383.416928; -0.222000, 4.780200, -0.961800
301.391228, 383.901754; -0.225800, 4.774800, -0.961700
300.693493, 383.765411; -0.228200, 4.771100, -0.961800
300.286561, 383.806324; -0.234900, 4.761000, -0.961800
298.471014, 384.036232; -0.238500, 4.756500, -0.961700
295.026690, 383.875445; -0.244900, 4.748400, -0.961600
294.184122, 383.687500; -0.249400, 4.743100, -0.961500
293.314700, 384.770186; -0.256200, 4.735100, -0.961300
290.544592, 384.240987; -0.262900, 4.728100, -0.961400
287.867784, 384.297952; -0.271700, 4.718300, -0.961300
286.157058, 384.153082; -0.276300, 4.713000, -0.961200
283.448529, 384.113971; -0.288500, 4.700700, -0.961200
281.712963, 384.353704; -0.295900, 4.693800, -0.961200
278.304183, 384.049430; -0.304000, 4.684900, -0.961200
275.385356, 384.373796; -0.307700, 4.681400, -0.961100
274.156863, 384.245098; -0.322000, 4.668400, -0.961100
273.668008, 384.098592; -0.329300, 4.662400, -0.961000
269.341948, 384.274354; -0.332000, 4.659800, -0.961000
267.943107, 384.781182; -0.339100, 4.654800, -0.961100
266.949686, 384.404612; -0.342400, 4.651200, -0.961000
265.106996, 383.728395; -0.346100, 4.648700, -0.961100
263.895257, 384.565217; -0.349400, 4.646100, -0.961200
262.839679, 384.112224; -0.353200, 4.642700, -0.961000
261.436697, 383.972477; -0.354600, 4.641800, -0.961100
259.574275, 383.182971; -0.363300, 4.634000, -0.961000
260.750000, 384.506198; -0.366600, 4.631400, -0.961100
258.649425, 384.262452; -0.369900, 4.628800, -0.961100
258.107991, 384.308855; -0.373400, 4.625300, -0.961000
256.788538, 384.347826; -0.379900, 4.620100, -0.961100
256.578714, 384.199557; -0.386700, 4.613900, -0.961100
254.269231, 384.196581; -0.389900, 4.611300, -0.961200
252.175476, 384.913319; -0.396600, 4.605100, -0.961100
251.123482, 384.131579; -0.399700, 4.602500, -0.961100
249.097308, 384.072464; -0.403000, 4.599900, -0.961300
247.833333, 384.128788; -0.407800, 4.595400, -0.961200
246.978927, 383.996169; -0.414500, 4.589200, -0.961100
245.728516, 384.302734; -0.417800, 4.586600, -0.961200
244.442105, 384.061053; -0.428000, 4.577800, -0.960900
244.217978, 383.824719; -0.434800, 4.572600, -0.961000
241.294900, 383.915743; -0.438100, 4.570000, -0.961000
238.753906, 384.486328; -0.439900, 4.568200, -0.960900
238.497696, 384.698157; -0.450000, 4.560300, -0.961000
237.255319, 383.761702; -0.455300, 4.555900, -0.960900
234.311579, 384.616842; -0.458600, 4.553200, -0.960900
233.568584, 384.807522; -0.460100, 4.552400, -0.961000
232.798687, 384.463895; -0.467000, 4.546100, -0.960800
231.039175, 384.307216; -0.472000, 4.542700, -0.960900
230.733485, 383.924829; -0.475500, 4.540000, -0.960800
228.377111, 383.414634; -0.479200, 4.536400, -0.960600
227.056962, 384.021097; -0.501800, 4.518700, -0.960700
223.702290, 384.407125; -0.505300, 4.516000, -0.960800
221.690667, 384.885333; -0.508800, 4.512300, -0.960700
219.815242, 384.090069; -0.518400, 4.504200, -0.960700
219.957143, 383.864286; -0.523200, 4.500600, -0.960900
217.468927, 384.392655; -0.526400, 4.497900, -0.960900
216.101737, 384.138958; -0.536300, 4.489800, -0.960900
214.289474, 383.976077; -0.539500, 4.487000, -0.960900
212.485222, 383.763547; -0.542600, 4.485300, -0.961000
211.604215, 384.496487; -0.548900, 4.479800, -0.960900
210.766265, 384.679518; -0.553700, 4.475200, -0.960800
208.516539, 384.368957; -0.558600, 4.471600, -0.960900
207.916905, 384.025788; -0.561800, 4.467900, -0.960600
206.935567, 383.121134; -0.566600, 4.464200, -0.960900
205.935754, 384.282123; -0.570100, 4.460500, -0.960700
204.797143, 383.222857; -0.573300, 4.457700, -0.960800
203.355721, 384.781095; -0.578100, 4.453100, -0.960700
202.054830, 384.446475; -0.581300, 4.450300, -0.960700
201.618768, 385.052786; -0.583100, 4.449400, -0.960800
200.690323, 384.748387; -0.586300, 4.446700, -0.960900
201.409556, 383.576792; -0.594600, 4.439300, -0.960800
197.618384, 383.788301; -0.597700, 4.436500, -0.960800
197.619808, 384.006390; -0.603000, 4.431800, -0.960700
198.078014, 383.358156; -0.606200, 4.430000, -0.960900
193.558603, 384.810474; -0.609500, 4.426300, -0.960700
194.517799, 384.042071; -0.614600, 4.422600, -0.960800
192.501441, 384.100865; -0.619500, 4.417900, -0.960600
190.241287, 384.021448; -0.622700, 4.415100, -0.960600
190.129944, 384.093220; -0.629300, 4.409500, -0.960600
189.069519, 384.117647; -0.634400, 4.405800, -0.960600
187.587349, 384.084337; -0.637600, 4.403000, -0.960700
186.076471, 384.050000; -0.644400, 4.397400, -0.960700
186.064189, 383.192568; -0.654500, 4.388900, -0.960600
181.595745, 383.250000; -0.667400, 4.378600, -0.960500
179.688172, 383.322581; -0.671100, 4.375800, -0.960500
177.183432, 383.778107; -0.674700, 4.372900, -0.960500
177.805861, 383.798535; -0.678000, 4.371100, -0.960800
176.161074, 383.748322; -0.681400, 4.368200, -0.960800
175.268817, 383.720430; -0.688100, 4.362500, -0.960800
174.813380, 384.218310; -0.693100, 4.358700, -0.960800
172.650000, 383.981250; -0.696400, 4.355800, -0.960800
172.482877, 383.023973; -0.700000, 4.352900, -0.960900
170.395437, 384.053232; -0.708400, 4.345200, -0.960800
169.772549, 384.294118; -0.711800, 4.342300, -0.960800
167.226950, 384.329787; -0.718800, 4.336500, -0.961000
167.509225, 383.605166; -0.723700, 4.332700, -0.961000
165.442568, 383.320946; -0.730600, 4.326900, -0.961000
163.669604, 386.066079; -0.732400, 4.324900, -0.961000
162.530172, 384.564655; -0.740900, 4.318100, -0.961100
161.713178, 383.096899; -0.744500, 4.315200, -0.961200
160.065134, 383.743295; -0.747900, 4.312300, -0.961200
157.780000, 383.592000; -0.751400, 4.309400, -0.961200
156.741803, 382.110656; -0.756900, 4.304400, -0.961300
156.451049, 383.493007; -0.762000, 4.300500, -0.961200
156.838710, 382.232258; -0.768800, 4.294600, -0.961200
154.661710, 383.360595; -0.772300, 4.291700, -0.961300
150.661238, 383.729642; -0.777500, 4.287800, -0.961300
152.530000, 381.750000; -0.781000, 4.284800, -0.961300
150.819588, 383.371134; -0.782800, 4.282800, -0.961200
149.279412, 382.485294; -0.786100, 4.279900, -0.961200
147.408935, 382.838488; -0.790100, 4.276900, -0.961300
148.534392, 383.529101; -0.795200, 4.272900, -0.961400
146.883065, 381.629032; -0.798900, 4.269900, -0.961400
147.516556, 381.211921; -0.802200, 4.266900, -0.961500
145.709677, 382.231183; -0.807400, 4.262900, -0.961700
142.877470, 384.466403; -0.810700, 4.259900, -0.961700
143.162162, 382.342342; -0.815800, 4.254800, -0.961800
141.296804, 383.799087; -0.820700, 4.250800, -0.961900
140.265116, 383.958140; -0.829100, 4.243700, -0.962000
138.953216, 382.140351; -0.834000, 4.239700, -0.962100
138.156463, 381.278912; -0.848600, 4.227500, -0.962000
135.378641, 383.684466; -0.859400, 4.219400, -0.962100
132.154321, 382.166667; -0.863300, 4.216300, -0.962200
128.754190, 383.027933; -0.868400, 4.212200, -0.962100
128.676329, 381.454106; -0.871900, 4.210100, -0.962300
128.777778, 381.748148; -0.877300, 4.205000, -0.962200
125.896970, 381.878788; -0.882400, 4.200900, -0.962300
123.273723, 382.901460; -0.885700, 4.198800, -0.962400
125.897959, 383.605442; -0.889000, 4.195700, -0.962300
121.631250, 382.006250; -0.894200, 4.191500, -0.962400
121.433790, 385.004566; -0.899000, 4.187400, -0.962400
121.895161, 381.935484; -0.904400, 4.183200, -0.962500
120.223350, 382.573604; -0.907600, 4.181000, -0.962700
117.614943, 383.908046; -0.914400, 4.175800, -0.962900
118.168831, 385.201299; -0.917900, 4.172600, -0.962800
116.316832, 381.757426; -0.922900, 4.168400, -0.963000
115.752294, 382.623853; -0.927600, 4.164200, -0.962900
115.385093, 381.024845; -0.930900, 4.161100, -0.962900
113.830303, 381.460606; -0.935700, 4.157800, -0.963000
111.253012, 381.457831; -0.939200, 4.154700, -0.962900
110.971098, 382.080925; -0.942700, 4.152500, -0.963000
110.200000, 381.871429; -0.947900, 4.148300, -0.962900
109.197674, 382.546512; -0.954300, 4.143000, -0.962900
108.579545, 383.715909; -0.956000, 4.141900, -0.962900
107.179487, 383.418803; -0.964100, 4.135400, -0.963000
107.094595, 379.945946; -0.970900, 4.130000, -0.963000
104.306122, 378.367347; -0.977400, 4.124600, -0.962900
100.365854, 381.926829; -0.979100, 4.123500, -0.963000
102.019231, 380.730769; -0.985500, 4.118100, -0.962900
98.616766, 381.359281; -0.990900, 4.114800, -0.963100
98.338462, 379.092308; -0.994300, 4.111500, -0.962900
96.728155, 382.582524; -0.995900, 4.110400, -0.962900
96.319149, 381.234043; -0.999400, 4.108200, -0.963000
97.628205, 378.435897; -1.002500, 4.105000, -0.962800
94.943662, 377.563380; -1.007800, 4.101600, -0.963000
94.323529, 381.735294; -1.013100, 4.097200, -0.962900
91.803571, 382.250000; -1.024900, 4.087300, -0.962900
94.360000, 382.060000; -1.028400, 4.085000, -0.963100
89.297297, 380.162162; -1.035900, 4.079300, -0.963400
86.461538, 377.923077; -1.038900, 4.077000, -0.963500
87.261905, 380.619048; -1.046800, 4.070300, -0.963400
85.949367, 383.088608; -1.050500, 4.067900, -0.963500
85.000000, 378.000000; -1.053700, 4.065600, -0.963600
85.000000, 381.500000; -1.058900, 4.062200, -0.963700
81.942623, 383.557377; -1.063500, 4.057700, -0.963500
83.000000, 388.000000; -1.066700, 4.055400, -0.963600
80.500000, 379.000000; -1.070000, 4.052100, -0.963500
83.875000, 380.525000; -1.074600, 4.048600, -0.963600
80.615385, 381.346154; -1.077900, 4.045300, -0.963400
77.000000, 375.000000; -1.086200, 4.038300, -0.963600
76.615385, 377.653846; -1.099400, 4.027800, -0.963800
70.000000, 386.500000; -1.111200, 4.017400, -0.963800
66.000000, 387.000000; -1.122200, 4.008100, -0.963600
65.941176, 383.098039; -1.132100, 3.999900, -0.963700
61.000000, 383.000000; -1.143500, 3.990400, -0.963600
63.000000, 383.000000; -1.151900, 3.984200, -0.963700
56.000000, 384.000000; -1.172800, 3.967300, -0.963600
53.571429, 385.385714; -1.181200, 3.960100, -0.963400
47.000000, 381.000000; -1.211500, 3.936200, -0.963600
43.000000, 388.000000; -1.219900, 3.929800, -0.963800
40.627907, 385.209302; -1.219700, 3.929800, -0.963800
44.000000, 380.500000; -1.219800, 3.929800, -0.963800
44.500000, 377.500000; -1.219800, 3.929800, -0.963900
43.000000, 384.000000; -1.219800, 3.929800, -0.963900
46.000000, 378.500000; -1.219800, 3.929800, -0.963900
43.000000, 378.000000; -1.219800, 3.929800, -0.963900
42.615385, 379.346154; -1.219800, 3.929800, -0.963900
40.200000, 385.766667; -1.219800, 3.929800, -0.963900
39.787879, 385.787879; -1.219800, 3.929800, -0.963900